-03 -02 -000.379123482687238
-03 -01 +000.641334180629847
-03 +01 -000.122355663641011
-03 +02 -000.765544734324400
-02 -02 -000.177896002530148
-02 +00 -000.059819344391302
-01 -02 -000.630106088136041
-01 -01 -000.629745831892611
-01 +00 -000.401125867372815
+00 -02 -000.690524203281533
+00 -01 -000.738735151446965
+00 +00 +000.131553773798245
+01 -01 -000.585176356943118
+01 +00 +000.001960416838116
+01 +02 -000.729700490822994
+02 -02 -000.114093405344406
+02 -01 -000.203712307706559
+02 +00 +000.149600307801209
+02 +01 +000.612298727832497
+03 -02 +000.601033126360365
+03 -01 +000.407218495492503
+03 +00 -000.406472091829311
+03 +01 -000.656638554645654
+03 +02 -000.250026076067354

-01 -05 +000.196477120139187
-01 -03 -000.337388276976922
-01 -02 +000.232484664278808
-01 -01 -000.333362955716551
-01 +00 -000.574439526549734
-01 +01 -000.410738401852503
-01 +03 -000.565817284931310
-01 +04 +000.159673399092929
-01 +05 +000.505468555708548
+00 -04 -000.380637480572685
+00 -03 -000.579999049324041
+00 -02 +000.419068027310079
+00 -01 -000.224612710709060
+00 +00 +000.646520577557707
+00 +02 -000.716049425630481
+00 +04 +000.192745170410858
+01 -05 +000.124362254876911
+01 -04 -000.157641053629555
+01 -03 -000.765015088754872
+01 -01 -000.427719287613368
+01 +00 +000.312121317526780
+01 +01 -000.150021565373536
+01 +03 +000.276601527287964

-02 -02 +000.614627615248651
-02 +00 +000.605269922023060
-02 +01 +000.262830023804606
-02 +02 -000.460822947328717
-01 -02 -000.761212302137963
+00 -02 -000.642148774902330
+00 -01 -000.267876961367645
+00 +02 -000.482070834073303
+01 -02 -000.232435327504523
+02 -02 -000.203932188885091
+02 +00 -000.111382597331918
+02 +01 +000.049683066143828
+02 +02 +000.321450890235925

-04 -05 -000.622069554781259
-04 -04 +000.139970232031193
-04 -03 -000.712732576998042
-04 -02 +000.099010561867579
-04 -01 +000.136451455932662
-04 +01 +000.743837063781492
-04 +02 -000.594810408475978
-04 +03 -000.094868038380457
-04 +04 +000.044282676730087
-03 -05 -000.327737983807575
-03 -03 +000.161457583717580
-03 +00 +000.494183986558550
-03 +02 -000.015461633730759
-03 +03 +000.370462386828532
-03 +04 +000.414672956311736
-03 +05 +000.210631973879636
-02 -05 +000.502620350133025
-02 -03 +000.552913390271811
-02 -01 +000.752773626819675
-02 +00 -000.685254149196753
-02 +01 +000.713284453556347
-02 +02 +000.179339296138678
-02 +03 -000.483011645939586
-02 +04 -000.752688324421442
-01 -03 -000.097100322139063
-01 -01 +000.234100624251446
-01 +01 -000.023287194525024
-01 +02 -000.658254963929523
-01 +03 +000.576945161077244
-01 +05 -000.776438949377913
+00 -05 +000.202239308020932
+00 -04 +000.728474692000665
+00 -02 -000.239184506694026
+00 -01 -000.291802492211763
+00 +02 -000.366203502562384
+00 +03 +000.540278020240852
+00 +04 +000.322338680932628
+00 +05 +000.072275666429200
+01 -05 +000.520253175907863
+01 -03 +000.007257780424886
+01 -02 +000.145159268483461
+01 -01 +000.402339357953524
+01 +00 +000.245868239580663
+01 +02 -000.252110654442929
+01 +03 -000.325079225249597
+01 +04 +000.211337889275051
+01 +05 +000.255310319844552
+02 -05 -000.135280572994504
+02 -04 -000.730166360189253
+02 -03 +000.418198982670616
+02 -01 +000.583153157295995
+02 +00 -000.095733430438083
+02 +01 -000.609629106244794
+02 +02 -000.255480995385950
+02 +03 -000.687374937492921
+02 +04 -000.489990186656439
+02 +05 +000.055387000137322
+03 -05 -000.205543435876380
+03 -04 +000.561746506599161
+03 -03 +000.532456074707693
+03 -02 +000.448715013830543
+03 -01 -000.711710512982259
+03 +00 +000.345752224015666
+03 +01 +000.360559269170223
+03 +05 +000.313487288061450
+04 -05 -000.230143463353215
+04 +01 -000.138440823039583
+04 +02 +000.522503837717867
+04 +03 -000.168336608873236
+04 +04 -000.141184705935363

-02 -01 -000.097024312445250
-02 +00 -000.757369298508412
-02 +02 -000.489561478797821
-01 -02 -000.170732683214079
-01 -01 +000.411009397704015
-01 +00 -000.585987411898827
-01 +01 -000.391533820639623
-01 +02 -000.241131919496184
+00 -02 +000.252015255569603
+00 +02 +000.621950718233475
+01 -01 +000.197008500342864
+01 +00 -000.470540589298216
+01 +02 +000.012437532738894
+02 -02 -000.792211554608213
+02 -01 +000.287164380446811
+02 +00 -000.415497832277439
+02 +01 +000.021307734388646
+02 +02 +000.522947680792753
