-02 +00 -000.339306081874741
-02 +01 +000.072357660950821
-01 -01 +000.453405607378086
-01 +00 -000.534158611094253
-01 +01 -000.040790790967317
+00 -01 +000.334930751582965
+00 +00 +000.421527017139801
+00 +01 +000.743594253450852
+01 -01 -000.625220511201622
+01 +01 -000.341583260108851
+02 -01 -000.424364331897140
+02 +00 +000.248371609944390

-05 -02 -000.087974810484920
-05 -01 -000.367037558075304
-05 +00 +000.156240507551294
-05 +01 -000.660984740111117
-05 +02 -000.653969014735143
-04 -01 +000.442653433917623
-04 +00 -000.506952308186555
-04 +01 -000.423792466430396
-03 -01 +000.342822304979769
-03 +00 -000.183899796167893
-03 +01 -000.595897143835986
-02 -02 +000.248883331832766
-02 -01 -000.460469556908223
-02 +00 -000.200185375049478
-02 +01 -000.200590827289536
-02 +02 +000.682062734479488
-01 -01 +000.724093173103137
-01 +00 +000.458508864520521
+00 -02 -000.123135502025681
+00 -01 -000.459541639581180
+00 +00 -000.286209239834464
+00 +01 +000.517308755073626
+01 -01 -000.421385374565952
+01 +00 +000.790101701026300
+01 +01 +000.709376033670933
+01 +02 +000.558099751456419
+02 -01 +000.771890722179384
+02 +01 +000.714150320231466
+02 +02 +000.455132787907048
+03 -01 +000.236212007849805
+03 +00 -000.351663962896696
+03 +02 -000.756495030477244
+04 -02 -000.280927541248803
+04 -01 -000.573803264541563
+04 +01 -000.303877792499713
+05 +00 -000.640929383830080
+05 +01 +000.174773376485432

-03 -05 -000.111763027171283
-03 -04 +000.150318319552729
-03 -03 +000.189282697987869
-03 +00 +000.685793607913801
-03 +01 -000.206722975155983
-03 +02 +000.020624700231782
-03 +03 +000.258497401282346
-03 +04 +000.452213976422472
-02 -05 +000.589769995704117
-02 -03 +000.609373147858514
-02 -02 +000.501908007518243
-02 -01 +000.129911747553033
-02 +01 -000.563985861818636
-02 +02 -000.044630992266225
-02 +03 +000.703786760201326
-02 +04 +000.047099115354074
-02 +05 -000.135503666587966
-01 -05 -000.794488779495175
-01 -04 -000.585583406845441
-01 -02 +000.140941969894588
-01 -01 +000.603856693440803
-01 +00 -000.484743013474802
-01 +02 +000.604789067649761
-01 +04 +000.390490701140961
-01 +05 -000.600688860154661
+00 -03 -000.683011768096185
+00 -02 -000.288303615532094
+00 +01 -000.775617901280724
+00 +02 +000.422640034449529
+00 +03 -000.745669053243285
+00 +04 -000.110922336117449
+00 +05 -000.103120370505029
+01 -05 -000.401520793078653
+01 -04 -000.747231523232654
+01 -03 -000.172227312030932
+01 -02 -000.205641883148613
+01 -01 +000.563085640884640
+01 +00 +000.761246195362795
+01 +02 +000.268717852677585
+01 +03 +000.303645109197960
+01 +05 -000.475293386213123
+02 -05 -000.769853757026639
+02 -04 -000.153499564687849
+02 -03 -000.635411663592695
+02 -01 -000.613838308559284
+02 +00 -000.454040766448978
+02 +02 +000.313619997106734
+02 +04 +000.270098251007427
+02 +05 +000.531918559633929
+03 -05 -000.796600680784185
+03 -04 +000.095962344016338
+03 -02 +000.002809372047678
+03 +03 -000.089888345626864
+03 +04 -000.441513192482513
+03 +05 +000.031435746616042

-02 -04 -000.241961108959751
-02 -03 -000.687746706139374
-02 -02 +000.296147975759737
-02 -01 +000.648877222514405
-02 +00 -000.321318142996627
-02 +02 +000.770404284214525
-02 +03 +000.421181457816687
-02 +04 -000.320176114572431
-01 -01 -000.726794689887568
-01 +01 +000.779907159777479
-01 +02 +000.570731575673561
-01 +03 +000.379193598075728
-01 +04 +000.562843307214179
+00 -04 -000.532704255902640
+00 -03 -000.518907698977442
+00 -02 +000.004580744266604
+00 -01 -000.666049355733470
+00 +00 -000.434616473800556
+00 +01 -000.091123143936243
+00 +02 +000.228679535065198
+00 +03 -000.369647372061767
+00 +04 -000.233685130479822
+01 -03 +000.678961265982046
+01 -02 -000.409723225652862
+01 -01 -000.087704533284686
+01 +00 -000.525627299502306
+01 +01 +000.661967274397494
+01 +02 +000.165871198835583
+01 +03 -000.371206866937595
+01 +04 -000.789843952381077
+02 -04 -000.070396557089835
+02 -02 +000.222254148987126
+02 -01 -000.683328241276755
+02 +00 +000.618635727597834
+02 +01 +000.079677540438533
+02 +04 -000.331892641970560

-04 -01 +000.072616841921737
-04 +00 -000.670613286308170
-04 +01 -000.631455054100968
-03 -01 +000.296807955561638
-03 +00 +000.580237704269678
-03 +01 +000.514538400382780
-02 -01 +000.446068919715911
-01 -01 -000.509707498652340
-01 +00 +000.518341098756279
-01 +01 -000.489124520583333
+00 +00 +000.635391021228045
+01 -01 -000.219721740106947
+01 +00 +000.228723675826136
+01 +01 -000.554339349235580
+02 -01 +000.609395647559468
+02 +01 -000.170082305676937
+03 -01 -000.656500308922380
+03 +00 +000.092748194912485
+04 -01 +000.133589274713117
+04 +00 +000.510332196643957

-03 -04 -000.254569658759394
-03 -01 +000.002393192956763
-03 +01 -000.252541165378343
-03 +04 +000.730758756393247
-02 -03 -000.290069132563192
-02 -01 +000.309758053261978
-02 +00 +000.302120212966020
-02 +02 +000.341204774315777
-02 +03 +000.469918314215682
-01 -04 +000.016595278958555
-01 -02 +000.563555138330051
-01 -01 +000.601078850723612
-01 +00 -000.218327128888017
-01 +02 +000.029223200252898
-01 +04 -000.501347905929313
+00 -03 -000.357911171072235
+00 -01 -000.132291527567287
+00 +02 -000.430322966767215
+00 +03 -000.387282825078811
+00 +04 +000.469575837287871
+01 -04 -000.472279260491437
+01 -03 -000.306145085064914
+01 -01 -000.578210162081532
+01 +01 +000.588587600869643
+01 +02 +000.417220068453355
+01 +03 -000.452101750826802
+01 +04 +000.774933670295674
+02 -04 +000.485026411008651
+02 -03 +000.449031608631044
+02 -02 -000.071531940788333
+02 -01 +000.343361928964627
+02 +00 +000.396488061988917
+02 +01 +000.706390148340509
+02 +03 -000.399243700285657
+02 +04 -000.041911596749982
+03 -04 -000.644268145452824
+03 -02 -000.201812097254847
+03 -01 +000.253683182037470
+03 +00 +000.030939189915482
+03 +01 -000.227343413217122
+03 +03 -000.106080436930638
+03 +04 -000.745718688943966

-05 -05 +000.022860793966140
-05 -04 -000.362617279763110
-05 -03 -000.102045572960250
-05 -02 +000.386344697548454
-05 -01 +000.109865897653258
-05 +00 +000.683719778864749
-05 +01 -000.047408488815714
-05 +02 -000.440792889502388
-05 +03 -000.779499574403676
-05 +05 +000.492238605355268
-04 -05 -000.551799319701883
-04 -04 -000.710506735961975
-04 -03 -000.753281547579456
-04 -02 -000.099386040516372
-04 -01 +000.124557709966840
-04 +00 +000.482736300222448
-04 +01 -000.038134733723461
-04 +02 +000.284369716104881
-04 +03 +000.391238033394212
-04 +04 -000.712807800692879
-04 +05 -000.535272154105872
-03 -05 +000.354575237606057
-03 -02 +000.360835606437738
-03 -01 -000.021787356429214
-03 +00 +000.596319518533577
-03 +01 -000.159825239351570
-03 +04 +000.460426590896521
-02 -05 -000.552819310221310
-02 -04 -000.206573976504795
-02 -03 -000.304232414700223
-02 +00 +000.515706221554780
-02 +02 -000.142605958015337
-02 +03 +000.470765183307124
-02 +05 +000.316576244187633
-01 -04 -000.086829932296338
-01 -03 -000.178147006087608
-01 -02 +000.736636811245677
-01 +00 +000.454065947026990
-01 +01 -000.062975860054076
-01 +02 -000.217572700332040
-01 +04 -000.587837051224286
-01 +05 -000.424165329571859
+00 -05 +000.097665996212223
+00 -04 -000.572873092572068
+00 -02 -000.572805363560838
+00 -01 +000.573201813869729
+00 +01 +000.252696674846423
+00 +02 -000.643641028535409
+00 +03 -000.399690978958328
+00 +04 +000.538811908750856
+00 +05 +000.167440818083665
+01 -05 +000.309101673354417
+01 -04 +000.088484252375525
+01 -02 +000.755112453976169
+01 +00 +000.483091826613144
+01 +02 -000.134509392094169
+01 +03 +000.400374352343993
+01 +04 -000.190606100962941
+01 +05 -000.136775499143922
+02 -03 -000.718851694422065
+02 -02 -000.682435978640345
+02 -01 -000.468981164988348
+02 +00 -000.645940914617264
+02 +01 +000.022684908924578
+02 +02 -000.511186483855112
+02 +03 +000.134583858549545
+02 +04 -000.750234319262014
+02 +05 +000.497244418677364
+03 -05 +000.113302667893415
+03 -04 -000.277601956592711
+03 -03 -000.768456397771416
+03 -02 -000.453402437914007
+03 -01 +000.691123960609424
+03 +00 +000.590623306497380
+03 +01 -000.126212940002457
+03 +03 -000.289054577702178
+03 +04 -000.309272651876592
+03 +05 -000.504372562927882
+04 -05 -000.118935242973244
+04 -03 +000.692858675188194
+04 +01 -000.631973585423750
+04 +02 -000.136146189623339
+04 +04 +000.046286232117033
+04 +05 -000.398634442339414
+05 -03 -000.003308554606823
+05 -02 +000.719140385339138
+05 -01 -000.789365746989229
+05 +00 +000.630600356975193
+05 +01 -000.236595876388115
+05 +04 +000.398560350034370
+05 +05 +000.670657239247760

-02 -05 -000.378916649589466
-02 -03 -000.570655118813005
-02 -02 -000.540086606652245
-02 -01 -000.020206676378590
-02 +00 +000.580287892859878
-02 +02 +000.796596546509988
-02 +04 -000.347692898836865
-02 +05 -000.118604023131600
-01 -05 +000.434788105978197
-01 -03 -000.271364138079929
-01 -02 +000.742992778498275
-01 -01 -000.311557799581030
-01 +00 +000.662656741860894
-01 +01 -000.366410959610626
-01 +02 -000.678179571376265
-01 +03 -000.422202503636799
-01 +04 -000.074339642699383
-01 +05 -000.563684826887837
+00 -05 -000.749960025477948
+00 -04 +000.379573540504834
+00 -02 +000.318899170892246
+00 -01 -000.262351391512095
+00 +00 -000.059577686990603
+00 +01 -000.085509136634684
+00 +02 -000.034957289981722
+00 +03 +000.684558366042305
+00 +04 +000.111105812553149
+00 +05 -000.173103496655911
+01 -05 +000.605629085407436
+01 -04 +000.434106958689396
+01 -03 +000.615003858611575
+01 -02 -000.498238479072612
+01 -01 -000.030834359707587
+01 +00 -000.293260205682504
+01 +01 +000.740576162874843
+01 +03 -000.170488695629841
+01 +04 +000.748143596307635
+01 +05 +000.652506598018509
+02 -05 +000.668313476193712
+02 -04 -000.664960725428871
+02 -03 +000.651384892454717
+02 -02 -000.346553531472485
+02 +00 -000.248320099958066
+02 +01 +000.315781507080849
+02 +02 +000.529860066081632
+02 +04 +000.705438459469841

-01 -04 -000.014669542084101
-01 -02 -000.282717575496762
-01 +00 -000.024524558802428
-01 +01 +000.128493076587665
-01 +03 -000.543804983501336
-01 +04 +000.358631643652233
+00 -04 +000.458297296222040
+00 -03 +000.224021433129383
+00 -02 -000.766367112591617
+00 -01 +000.273630146871195
+00 +01 -000.329230910715087
+01 -04 +000.549886717239198
+01 -03 +000.744402239458872
+01 -02 -000.300133351384041
+01 -01 -000.415116401111264
+01 +02 -000.238512058425254
+01 +03 +000.305038602154788
+01 +04 +000.516781938122683
