-01 -02 -000.734542267080262
-01 -01 -000.544087272768988
-01 +00 -000.423364169669443
-01 +01 +000.464080494201288
-01 +02 -000.086745879026743
-01 +03 +000.318085544421064
-01 +04 -000.041175163330813
+00 -04 -000.620515005515116
+00 -03 -000.304194891978737
+00 -01 -000.669403801561503
+00 +00 +000.689019071491703
+00 +01 -000.326237554528942
+00 +02 -000.737244961580371
+00 +03 +000.579373831822387
+00 +04 +000.325803468689296
+01 -01 +000.460689607592851
+01 +01 +000.760908479098196
+01 +02 +000.249836500258023
+01 +03 +000.126064713169232

-05 -02 -000.087974810484920
-05 -01 -000.367037558075304
-05 +00 +000.156240507551294
-05 +01 -000.660984740111117
-05 +02 -000.653969014735143
-04 -01 +000.442653433917623
-04 +00 -000.506952308186555
-04 +01 -000.423792466430396
-03 -01 +000.342822304979769
-03 +00 -000.183899796167893
-03 +01 -000.595897143835986
-02 -02 +000.248883331832766
-02 -01 -000.460469556908223
-02 +00 -000.200185375049478
-02 +01 -000.200590827289536
-02 +02 +000.682062734479488
-01 -01 +000.724093173103137
-01 +00 +000.458508864520521
+00 -02 -000.123135502025681
+00 -01 -000.459541639581180
+00 +00 -000.286209239834464
+00 +01 +000.517308755073626
+01 -01 -000.421385374565952
+01 +00 +000.790101701026300
+01 +01 +000.709376033670933
+01 +02 +000.558099751456419
+02 -01 +000.771890722179384
+02 +01 +000.714150320231466
+02 +02 +000.455132787907048
+03 -01 +000.236212007849805
+03 +00 -000.351663962896696
+03 +02 -000.756495030477244
+04 -02 -000.280927541248803
+04 -01 -000.573803264541563
+04 +01 -000.303877792499713
+05 +00 -000.640929383830080
+05 +01 +000.174773376485432

-03 -05 -000.111763027171283
-03 -04 +000.150318319552729
-03 -03 +000.189282697987869
-03 +00 +000.685793607913801
-03 +01 -000.206722975155983
-03 +02 +000.020624700231782
-03 +03 +000.258497401282346
-03 +04 +000.452213976422472
-02 -05 +000.589769995704117
-02 -03 +000.609373147858514
-02 -02 +000.501908007518243
-02 -01 +000.129911747553033
-02 +01 -000.563985861818636
-02 +02 -000.044630992266225
-02 +03 +000.703786760201326
-02 +04 +000.047099115354074
-02 +05 -000.135503666587966
-01 -05 -000.794488779495175
-01 -04 -000.585583406845441
-01 -02 +000.140941969894588
-01 -01 +000.603856693440803
-01 +00 -000.484743013474802
-01 +02 +000.604789067649761
-01 +04 +000.390490701140961
-01 +05 -000.600688860154661
+00 -03 -000.683011768096185
+00 -02 -000.288303615532094
+00 +01 -000.775617901280724
+00 +02 +000.422640034449529
+00 +03 -000.745669053243285
+00 +04 -000.110922336117449
+00 +05 -000.103120370505029
+01 -05 -000.401520793078653
+01 -04 -000.747231523232654
+01 -03 -000.172227312030932
+01 -02 -000.205641883148613
+01 -01 +000.563085640884640
+01 +00 +000.761246195362795
+01 +02 +000.268717852677585
+01 +03 +000.303645109197960
+01 +05 -000.475293386213123
+02 -05 -000.769853757026639
+02 -04 -000.153499564687849
+02 -03 -000.635411663592695
+02 -01 -000.613838308559284
+02 +00 -000.454040766448978
+02 +02 +000.313619997106734
+02 +04 +000.270098251007427
+02 +05 +000.531918559633929
+03 -05 -000.796600680784185
+03 -04 +000.095962344016338
+03 -02 +000.002809372047678
+03 +03 -000.089888345626864
+03 +04 -000.441513192482513
+03 +05 +000.031435746616042

-05 -01 -000.440090766920812
-05 +00 +000.375949578024014
-04 -01 +000.106950667893819
-04 +00 +000.447177648769703
-04 +01 +000.273661147351130
-03 -01 -000.052987937234098
-03 +00 +000.160908406452534
-03 +01 -000.114330857429854
-02 -01 +000.165369400277205
-02 +01 -000.697529472058313
+00 -01 -000.576174268932557
+00 +00 +000.690719741142670
+00 +01 +000.719914971201359
+01 -01 +000.437477004039263
+01 +00 -000.182340207359757
+01 +01 -000.630481941336127
+02 -01 +000.531188629168672
+02 +00 -000.299379642452585
+02 +01 +000.021912712735327
+03 +00 +000.408214006871457
+03 +01 +000.451437168416753
+04 -01 -000.339570274393514
+04 +00 -000.110799483402988
+04 +01 -000.636384888511523
+05 -01 -000.641532178703307
+05 +00 +000.029433395503407
+05 +01 -000.274223779375815

-02 -02 +000.046685046174987
-02 -01 -000.748547862526587
-02 +00 -000.055936207314500
-01 +02 -000.101096478310328
+00 -02 -000.398829168739055
+00 -01 +000.045447113240461
+00 +00 -000.671172171585400
+00 +01 -000.416568333253134
+00 +02 -000.533649603872401
+01 -01 -000.216295338785923
+01 +00 +000.445445231870654
+01 +01 -000.474104530589039
+02 -02 +000.473492147330928
+02 -01 -000.424193231254391
+02 +00 +000.765975179281646
+02 +02 -000.107251333358213

-05 -04 -000.079069145060220
-05 -02 -000.293496693708499
-05 -01 +000.455749605165347
-05 +00 +000.300831698464076
-05 +01 +000.697771474432193
-05 +02 -000.488832696065237
-05 +03 -000.164188734103278
-05 +04 +000.033056314564917
-04 -04 +000.758369795056693
-04 -03 +000.737380365038414
-04 -02 +000.324701441637118
-04 -01 -000.243443279314906
-04 +00 +000.648450211899221
-04 +02 -000.088427252838349
-04 +03 -000.318895242909036
-03 -04 -000.089008901738947
-03 -02 +000.143370492722625
-03 -01 -000.350303246430494
-03 +00 -000.309183835959507
-03 +01 -000.345566334387300
-03 +03 +000.504076986222546
-03 +04 -000.749146106164769
-02 -04 -000.204783348484350
-02 -03 -000.013645703375743
-02 -02 +000.175899715788895
-02 -01 -000.772535342314565
-02 +00 +000.707049868462385
-02 +01 +000.246034864522881
-02 +02 -000.052925281922462
-02 +03 +000.699515154243674
-01 -01 -000.515849281998883
-01 +00 -000.577261284244476
-01 +01 +000.644802402280009
-01 +03 +000.120186578218478
+00 -04 -000.722665239790728
+00 -02 -000.488273589745386
+00 +00 +000.729166894183590
+00 +02 -000.677009673650898
+00 +03 +000.366327072094469
+00 +04 +000.328331007258882
+01 -02 +000.010897002477868
+01 -01 +000.358129136171932
+01 +03 +000.448335071349599
+02 -04 +000.342911719225332
+02 -02 -000.685450686535317
+02 -01 -000.257558458321184
+02 +01 -000.748552940693635
+02 +02 -000.093685442918928
+02 +04 +000.761043654130680
+03 -03 +000.404624134909423
+03 -02 +000.651837961421897
+03 -01 +000.557606689136292
+03 +01 -000.710735698235400
+03 +02 -000.188698983951095
+03 +03 -000.191504396604866
+04 -04 +000.234109754678186
+04 -03 +000.164903791312182
+04 -02 +000.635298597218425
+04 -01 -000.154186405398334
+04 +02 -000.645089790201335
+04 +04 -000.190902866165052
+05 -03 +000.221873406716961
+05 -02 +000.077971486276423
+05 -01 -000.677485207484398
+05 +02 -000.095548754496643
+05 +03 -000.545416028090795
+05 +04 -000.421819128289416

-05 -05 +000.022860793966140
-05 -04 -000.362617279763110
-05 -03 -000.102045572960250
-05 -02 +000.386344697548454
-05 -01 +000.109865897653258
-05 +00 +000.683719778864749
-05 +01 -000.047408488815714
-05 +02 -000.440792889502388
-05 +03 -000.779499574403676
-05 +05 +000.492238605355268
-04 -05 -000.551799319701883
-04 -04 -000.710506735961975
-04 -03 -000.753281547579456
-04 -02 -000.099386040516372
-04 -01 +000.124557709966840
-04 +00 +000.482736300222448
-04 +01 -000.038134733723461
-04 +02 +000.284369716104881
-04 +03 +000.391238033394212
-04 +04 -000.712807800692879
-04 +05 -000.535272154105872
-03 -05 +000.354575237606057
-03 -02 +000.360835606437738
-03 -01 -000.021787356429214
-03 +00 +000.596319518533577
-03 +01 -000.159825239351570
-03 +04 +000.460426590896521
-02 -05 -000.552819310221310
-02 -04 -000.206573976504795
-02 -03 -000.304232414700223
-02 +00 +000.515706221554780
-02 +02 -000.142605958015337
-02 +03 +000.470765183307124
-02 +05 +000.316576244187633
-01 -04 -000.086829932296338
-01 -03 -000.178147006087608
-01 -02 +000.736636811245677
-01 +00 +000.454065947026990
-01 +01 -000.062975860054076
-01 +02 -000.217572700332040
-01 +04 -000.587837051224286
-01 +05 -000.424165329571859
+00 -05 +000.097665996212223
+00 -04 -000.572873092572068
+00 -02 -000.572805363560838
+00 -01 +000.573201813869729
+00 +01 +000.252696674846423
+00 +02 -000.643641028535409
+00 +03 -000.399690978958328
+00 +04 +000.538811908750856
+00 +05 +000.167440818083665
+01 -05 +000.309101673354417
+01 -04 +000.088484252375525
+01 -02 +000.755112453976169
+01 +00 +000.483091826613144
+01 +02 -000.134509392094169
+01 +03 +000.400374352343993
+01 +04 -000.190606100962941
+01 +05 -000.136775499143922
+02 -03 -000.718851694422065
+02 -02 -000.682435978640345
+02 -01 -000.468981164988348
+02 +00 -000.645940914617264
+02 +01 +000.022684908924578
+02 +02 -000.511186483855112
+02 +03 +000.134583858549545
+02 +04 -000.750234319262014
+02 +05 +000.497244418677364
+03 -05 +000.113302667893415
+03 -04 -000.277601956592711
+03 -03 -000.768456397771416
+03 -02 -000.453402437914007
+03 -01 +000.691123960609424
+03 +00 +000.590623306497380
+03 +01 -000.126212940002457
+03 +03 -000.289054577702178
+03 +04 -000.309272651876592
+03 +05 -000.504372562927882
+04 -05 -000.118935242973244
+04 -03 +000.692858675188194
+04 +01 -000.631973585423750
+04 +02 -000.136146189623339
+04 +04 +000.046286232117033
+04 +05 -000.398634442339414
+05 -03 -000.003308554606823
+05 -02 +000.719140385339138
+05 -01 -000.789365746989229
+05 +00 +000.630600356975193
+05 +01 -000.236595876388115
+05 +04 +000.398560350034370
+05 +05 +000.670657239247760

-02 -05 -000.378916649589466
-02 -03 -000.570655118813005
-02 -02 -000.540086606652245
-02 -01 -000.020206676378590
-02 +00 +000.580287892859878
-02 +02 +000.796596546509988
-02 +04 -000.347692898836865
-02 +05 -000.118604023131600
-01 -05 +000.434788105978197
-01 -03 -000.271364138079929
-01 -02 +000.742992778498275
-01 -01 -000.311557799581030
-01 +00 +000.662656741860894
-01 +01 -000.366410959610626
-01 +02 -000.678179571376265
-01 +03 -000.422202503636799
-01 +04 -000.074339642699383
-01 +05 -000.563684826887837
+00 -05 -000.749960025477948
+00 -04 +000.379573540504834
+00 -02 +000.318899170892246
+00 -01 -000.262351391512095
+00 +00 -000.059577686990603
+00 +01 -000.085509136634684
+00 +02 -000.034957289981722
+00 +03 +000.684558366042305
+00 +04 +000.111105812553149
+00 +05 -000.173103496655911
+01 -05 +000.605629085407436
+01 -04 +000.434106958689396
+01 -03 +000.615003858611575
+01 -02 -000.498238479072612
+01 -01 -000.030834359707587
+01 +00 -000.293260205682504
+01 +01 +000.740576162874843
+01 +03 -000.170488695629841
+01 +04 +000.748143596307635
+01 +05 +000.652506598018509
+02 -05 +000.668313476193712
+02 -04 -000.664960725428871
+02 -03 +000.651384892454717
+02 -02 -000.346553531472485
+02 +00 -000.248320099958066
+02 +01 +000.315781507080849
+02 +02 +000.529860066081632
+02 +04 +000.705438459469841

-01 -04 -000.014669542084101
-01 -02 -000.282717575496762
-01 +00 -000.024524558802428
-01 +01 +000.128493076587665
-01 +03 -000.543804983501336
-01 +04 +000.358631643652233
+00 -04 +000.458297296222040
+00 -03 +000.224021433129383
+00 -02 -000.766367112591617
+00 -01 +000.273630146871195
+00 +01 -000.329230910715087
+01 -04 +000.549886717239198
+01 -03 +000.744402239458872
+01 -02 -000.300133351384041
+01 -01 -000.415116401111264
+01 +02 -000.238512058425254
+01 +03 +000.305038602154788
+01 +04 +000.516781938122683
