-01 -02 -000.734542267080262
-01 -01 -000.544087272768988
-01 +00 -000.423364169669443
-01 +01 +000.464080494201288
-01 +02 -000.086745879026743
-01 +03 +000.318085544421064
-01 +04 -000.041175163330813
+00 -04 -000.620515005515116
+00 -03 -000.304194891978737
+00 -01 -000.669403801561503
+00 +00 +000.689019071491703
+00 +01 -000.326237554528942
+00 +02 -000.737244961580371
+00 +03 +000.579373831822387
+00 +04 +000.325803468689296
+01 -01 +000.460689607592851
+01 +01 +000.760908479098196
+01 +02 +000.249836500258023
+01 +03 +000.126064713169232

-01 +00 -000.575999998502977
-01 +01 -000.406153487171232
-01 +02 -000.766277310001291
-01 +03 -000.687266815386348
+00 -03 -000.204179372288636
+00 +01 -000.676932499871247
+00 +02 -000.141805802190322
+01 -03 +000.155177728407033
+01 -01 +000.243394231891958
+01 +02 +000.670051376353114
+01 +03 -000.375235287449684

-02 -01 -000.748760279490025
-02 +01 +000.699167291979007
-01 -01 -000.060283977012179
-01 +00 -000.617755917664284
-01 +01 -000.653315723823277
+00 -01 -000.531569590346375
+00 +00 -000.286866054155112
+00 +01 +000.413001980205080
+01 -01 -000.587249347318900
+01 +00 +000.242858987819313
+01 +01 -000.772819307117336
+02 +01 +000.665520801053671

-02 -01 +000.142772907071683
-02 +00 +000.255277982513490
-01 -01 -000.005731834577845
+00 +01 +000.394360719903330
+01 -01 +000.319801359857323
+02 +00 -000.508367150287575
+02 +01 -000.726241960783433

-05 -01 +000.136713498439069
-05 +00 -000.716369115811783
-05 +01 +000.713197004481845
-04 -01 -000.727273766022796
-04 +00 +000.587369763402415
-04 +01 -000.511016592562135
-03 -01 +000.203532993960275
-03 +00 -000.697425950300332
-02 +00 +000.176912106689317
-02 +01 -000.681943924317375
-01 -01 +000.637874580873703
-01 +00 -000.261915406336688
-01 +01 +000.141637003026333
+00 -01 +000.062098842059064
+00 +00 -000.705361056703857
+00 +01 -000.451359627432691
+01 +00 -000.514235737162691
+02 -01 -000.026313251973590
+02 +00 +000.051417902222656
+02 +01 +000.517328761958452
+03 -01 -000.555716841167971
+03 +00 +000.482482599286447
+04 +01 -000.190505582760905
+05 -01 -000.169751107368845
+05 +00 +000.452283611026416
+05 +01 +000.678509362200143

-01 -03 -000.033135262430428
-01 +00 +000.418465071587279
-01 +01 -000.095984225613576
-01 +02 +000.094513520849994
-01 +03 +000.033644522508460
+00 -03 +000.005287708408177
+00 -02 -000.484074446999192
+00 +03 +000.405478937151340
+01 -03 +000.523716587615134
+01 +03 +000.242348557994889

-05 -04 +000.753835946676988
-05 -03 +000.448043136805428
-05 -02 +000.570330931760673
-05 +00 -000.613386955524262
-05 +01 -000.726710903518031
-05 +02 +000.120409253767724
-05 +04 -000.142034460888335
-05 +05 -000.099741982692520
-04 -04 -000.700670628506639
-04 -03 -000.688226801306647
-04 -01 +000.206336736172156
-04 +01 +000.181989920529705
-04 +02 -000.781257575631277
-04 +03 -000.315298066058646
-04 +05 -000.154734201166324
-03 -05 -000.717676723722925
-03 -04 -000.590294623141950
-03 -01 -000.582141343512960
-03 +00 +000.149341245030107
-03 +02 -000.482547083589504
-03 +04 -000.363583835722728
-03 +05 -000.144965845335076
-02 -05 -000.405084995311563
-02 -02 -000.335876774214199
-02 -01 +000.707787456192985
-02 +01 +000.242710636100678
-02 +02 -000.430048701212158
-02 +03 +000.557662754451472
-02 +04 -000.473987133740497
-02 +05 +000.369796231215354
-01 -04 +000.610198793625533
-01 -03 +000.190543073480479
-01 +00 +000.269691658057427
-01 +01 +000.252788779909749
-01 +04 -000.512388956519662
+00 -05 -000.122961307771119
+00 -04 +000.798135076950199
+00 -03 -000.392577579056779
+00 -02 -000.506176642615186
+00 -01 +000.412677046771024
+00 +01 +000.024358612834298
+00 +03 +000.113208911433070
+00 +04 -000.478632099394590
+00 +05 -000.672089899144056
+01 -04 +000.299524149891471
+01 -02 -000.706163440947782
+01 -01 +000.640452964155367
+01 +00 -000.371780437159485
+01 +01 -000.049220659907936
+01 +02 -000.415697937506237
+01 +03 +000.567874242516834
+01 +04 +000.145767790037180
+01 +05 +000.418313685097783
+02 -05 +000.173368563224363
+02 -04 -000.465677784021406
+02 -03 +000.133349622534882
+02 +01 -000.473184675992413
+02 +04 -000.645402098363646
+02 +05 +000.413415825528255
+03 -05 +000.428803477811059
+03 -02 +000.007210303186053
+03 +00 -000.160518764349203
+03 +01 +000.380585336707276
+03 +03 +000.406568188164407
+03 +04 +000.015265997126290
+03 +05 -000.265257643713031
+04 -05 -000.579296504982265
+04 -04 -000.591623828649403
+04 +02 -000.763193370066721
+04 +04 -000.781023240660150
+04 +05 +000.092292085475430
+05 -05 +000.240573136668773
+05 -04 -000.354178621740160
+05 -03 +000.161283705039741
+05 -02 -000.138906742147595
+05 -01 +000.483134448012634
+05 +02 -000.080062405122545
+05 +05 +000.314676634824044

-02 -03 -000.676583152382120
-02 -02 -000.589203759955883
-02 +00 +000.588424530256236
-02 +02 -000.429360936773069
-02 +03 -000.794360817714857
-01 -03 -000.436257273086419
-01 -01 +000.537508865323809
-01 +02 -000.041699647571933
-01 +03 +000.651171367544531
+00 -03 -000.352324411275414
+00 -02 +000.146595965533877
+00 -01 +000.226365290830731
+00 +01 +000.483196749069227
+00 +02 -000.507009925316144
+00 +03 +000.241507477653603
+01 -03 -000.628855800893017
+01 -02 +000.107345210604905
+01 -01 -000.443250951392231
+01 +00 +000.621119991138911
+01 +03 -000.362702515926357
+02 -03 -000.726593056027884
+02 -02 -000.220164506646157
+02 +00 -000.797928405912251
+02 +03 -000.319168750962979

-05 -01 +000.578351008679967
-05 +00 -000.559116475803323
-05 +01 -000.015732627016259
-04 -01 -000.766472329045888
-04 +00 +000.628943446957772
-04 +01 -000.124309721155413
-04 +02 +000.410288953477575
-03 -02 +000.283622403999857
-03 -01 +000.088882651098939
-03 +00 +000.398208464050279
-03 +01 +000.190111202607144
-03 +02 +000.585362404710280
-02 -02 -000.641693834900740
-02 +00 +000.406921152980389
-02 +01 -000.444407021069168
-01 -02 -000.127000743644307
-01 -01 -000.459593914364882
-01 +01 -000.517832511800691
-01 +02 -000.227994363829869
+00 -02 +000.286928822175440
+00 -01 -000.311811759122744
+00 +00 -000.363587658219097
+00 +01 +000.261272239861387
+00 +02 +000.241907164826475
+01 -02 +000.020944255048898
+01 -01 -000.208188933967369
+01 +00 -000.325232776406114
+01 +02 +000.477138609407738
+02 -02 -000.082379452718860
+02 +00 +000.154490969024409
+02 +01 +000.306715120494304
+03 +00 -000.436877669441006
+03 +01 -000.417927258611210
+04 -02 +000.430786433326656
+04 -01 +000.621812467607143
+04 +01 +000.528682383187391
+04 +02 +000.638003206849690
+05 -02 -000.172057854830058
+05 +00 -000.164677433299880
+05 +01 +000.032673497121039
+05 +02 -000.546709460073998
