-01 -02 -000.734542267080262
-01 -01 -000.544087272768988
-01 +00 -000.423364169669443
-01 +01 +000.464080494201288
-01 +02 -000.086745879026743
-01 +03 +000.318085544421064
-01 +04 -000.041175163330813
+00 -04 -000.620515005515116
+00 -03 -000.304194891978737
+00 -01 -000.669403801561503
+00 +00 +000.689019071491703
+00 +01 -000.326237554528942
+00 +02 -000.737244961580371
+00 +03 +000.579373831822387
+00 +04 +000.325803468689296
+01 -01 +000.460689607592851
+01 +01 +000.760908479098196
+01 +02 +000.249836500258023
+01 +03 +000.126064713169232

-01 +00 -000.575999998502977
-01 +01 -000.406153487171232
-01 +02 -000.766277310001291
-01 +03 -000.687266815386348
+00 -03 -000.204179372288636
+00 +01 -000.676932499871247
+00 +02 -000.141805802190322
+01 -03 +000.155177728407033
+01 -01 +000.243394231891958
+01 +02 +000.670051376353114
+01 +03 -000.375235287449684

-02 -01 +000.377205620957331
-02 +00 -000.679267176697039
-02 +01 +000.129058098899795
-01 -01 +000.365366657079587
+00 -01 +000.783097395953891
+00 +00 -000.060305269270679
+00 +01 +000.016416917850458
+02 -01 +000.326230555685262
+02 +00 +000.006795016301407
+02 +01 -000.770583369671322

-02 -01 -000.159315177483850
-02 +00 -000.392365646353096
-02 +01 +000.540025083763443
-01 -01 +000.761817752446721
-01 +01 +000.713085698421654
+00 -01 -000.276219394057002
+00 +00 -000.077067766904894
+00 +01 -000.735823696103950
+01 +00 -000.300303562212476
+01 +01 +000.407559351488481
+02 -01 +000.621540497521030
+02 +01 +000.272467009427116

-02 -02 +000.046685046174987
-02 -01 -000.748547862526587
-02 +00 -000.055936207314500
-01 +02 -000.101096478310328
+00 -02 -000.398829168739055
+00 -01 +000.045447113240461
+00 +00 -000.671172171585400
+00 +01 -000.416568333253134
+00 +02 -000.533649603872401
+01 -01 -000.216295338785923
+01 +00 +000.445445231870654
+01 +01 -000.474104530589039
+02 -02 +000.473492147330928
+02 -01 -000.424193231254391
+02 +00 +000.765975179281646
+02 +02 -000.107251333358213

-05 -02 +000.530307621802989
-05 -01 +000.095218346225621
-05 +01 -000.474363794068539
-05 +02 -000.441225846520489
-04 -02 +000.082583089686656
-04 +01 +000.740071077672888
-04 +02 -000.390447473777367
-03 -02 +000.451536150953926
-02 +00 -000.011744718014001
-02 +01 -000.198077287603022
-01 -02 +000.403708954450598
-01 +00 -000.575990146319961
-01 +01 -000.155877596733455
-01 +02 -000.476386649771192
+00 +01 -000.398279770921320
+01 -02 -000.016685975690727
+01 -01 -000.424858947115973
+01 +00 -000.267577648961961
+01 +01 -000.316288540080575
+01 +02 +000.513798704199769
+02 -02 -000.703200095023681
+03 -02 +000.023051501668562
+03 +02 -000.152956970744541
+04 -01 -000.582415502125802
+04 +02 +000.173870435279744
+05 -02 -000.334382229996308
+05 -01 +000.675373204636394
+05 +00 -000.361935337407479
+05 +02 +000.301265158466463

-05 -05 +000.022860793966140
-05 -04 -000.362617279763110
-05 -03 -000.102045572960250
-05 -02 +000.386344697548454
-05 -01 +000.109865897653258
-05 +00 +000.683719778864749
-05 +01 -000.047408488815714
-05 +02 -000.440792889502388
-05 +03 -000.779499574403676
-05 +05 +000.492238605355268
-04 -05 -000.551799319701883
-04 -04 -000.710506735961975
-04 -03 -000.753281547579456
-04 -02 -000.099386040516372
-04 -01 +000.124557709966840
-04 +00 +000.482736300222448
-04 +01 -000.038134733723461
-04 +02 +000.284369716104881
-04 +03 +000.391238033394212
-04 +04 -000.712807800692879
-04 +05 -000.535272154105872
-03 -05 +000.354575237606057
-03 -02 +000.360835606437738
-03 -01 -000.021787356429214
-03 +00 +000.596319518533577
-03 +01 -000.159825239351570
-03 +04 +000.460426590896521
-02 -05 -000.552819310221310
-02 -04 -000.206573976504795
-02 -03 -000.304232414700223
-02 +00 +000.515706221554780
-02 +02 -000.142605958015337
-02 +03 +000.470765183307124
-02 +05 +000.316576244187633
-01 -04 -000.086829932296338
-01 -03 -000.178147006087608
-01 -02 +000.736636811245677
-01 +00 +000.454065947026990
-01 +01 -000.062975860054076
-01 +02 -000.217572700332040
-01 +04 -000.587837051224286
-01 +05 -000.424165329571859
+00 -05 +000.097665996212223
+00 -04 -000.572873092572068
+00 -02 -000.572805363560838
+00 -01 +000.573201813869729
+00 +01 +000.252696674846423
+00 +02 -000.643641028535409
+00 +03 -000.399690978958328
+00 +04 +000.538811908750856
+00 +05 +000.167440818083665
+01 -05 +000.309101673354417
+01 -04 +000.088484252375525
+01 -02 +000.755112453976169
+01 +00 +000.483091826613144
+01 +02 -000.134509392094169
+01 +03 +000.400374352343993
+01 +04 -000.190606100962941
+01 +05 -000.136775499143922
+02 -03 -000.718851694422065
+02 -02 -000.682435978640345
+02 -01 -000.468981164988348
+02 +00 -000.645940914617264
+02 +01 +000.022684908924578
+02 +02 -000.511186483855112
+02 +03 +000.134583858549545
+02 +04 -000.750234319262014
+02 +05 +000.497244418677364
+03 -05 +000.113302667893415
+03 -04 -000.277601956592711
+03 -03 -000.768456397771416
+03 -02 -000.453402437914007
+03 -01 +000.691123960609424
+03 +00 +000.590623306497380
+03 +01 -000.126212940002457
+03 +03 -000.289054577702178
+03 +04 -000.309272651876592
+03 +05 -000.504372562927882
+04 -05 -000.118935242973244
+04 -03 +000.692858675188194
+04 +01 -000.631973585423750
+04 +02 -000.136146189623339
+04 +04 +000.046286232117033
+04 +05 -000.398634442339414
+05 -03 -000.003308554606823
+05 -02 +000.719140385339138
+05 -01 -000.789365746989229
+05 +00 +000.630600356975193
+05 +01 -000.236595876388115
+05 +04 +000.398560350034370
+05 +05 +000.670657239247760

-02 -05 -000.378916649589466
-02 -03 -000.570655118813005
-02 -02 -000.540086606652245
-02 -01 -000.020206676378590
-02 +00 +000.580287892859878
-02 +02 +000.796596546509988
-02 +04 -000.347692898836865
-02 +05 -000.118604023131600
-01 -05 +000.434788105978197
-01 -03 -000.271364138079929
-01 -02 +000.742992778498275
-01 -01 -000.311557799581030
-01 +00 +000.662656741860894
-01 +01 -000.366410959610626
-01 +02 -000.678179571376265
-01 +03 -000.422202503636799
-01 +04 -000.074339642699383
-01 +05 -000.563684826887837
+00 -05 -000.749960025477948
+00 -04 +000.379573540504834
+00 -02 +000.318899170892246
+00 -01 -000.262351391512095
+00 +00 -000.059577686990603
+00 +01 -000.085509136634684
+00 +02 -000.034957289981722
+00 +03 +000.684558366042305
+00 +04 +000.111105812553149
+00 +05 -000.173103496655911
+01 -05 +000.605629085407436
+01 -04 +000.434106958689396
+01 -03 +000.615003858611575
+01 -02 -000.498238479072612
+01 -01 -000.030834359707587
+01 +00 -000.293260205682504
+01 +01 +000.740576162874843
+01 +03 -000.170488695629841
+01 +04 +000.748143596307635
+01 +05 +000.652506598018509
+02 -05 +000.668313476193712
+02 -04 -000.664960725428871
+02 -03 +000.651384892454717
+02 -02 -000.346553531472485
+02 +00 -000.248320099958066
+02 +01 +000.315781507080849
+02 +02 +000.529860066081632
+02 +04 +000.705438459469841

-01 -04 -000.014669542084101
-01 -02 -000.282717575496762
-01 +00 -000.024524558802428
-01 +01 +000.128493076587665
-01 +03 -000.543804983501336
-01 +04 +000.358631643652233
+00 -04 +000.458297296222040
+00 -03 +000.224021433129383
+00 -02 -000.766367112591617
+00 -01 +000.273630146871195
+00 +01 -000.329230910715087
+01 -04 +000.549886717239198
+01 -03 +000.744402239458872
+01 -02 -000.300133351384041
+01 -01 -000.415116401111264
+01 +02 -000.238512058425254
+01 +03 +000.305038602154788
+01 +04 +000.516781938122683
