-02 -02 +000.559620512458952
-02 -01 +000.750051454351679
-02 +02 +000.101565779235305
-02 +03 +000.271066433392514
-02 +04 +000.208447396283001
-02 +05 -000.148369666654665
-01 -04 -000.211781515434024
-01 -03 +000.050461503588673
-01 -01 +000.230344010328545
-01 +00 +000.736591739898609
-01 +03 -000.771872145238252
-01 +04 +000.305436676644660
-01 +05 +000.333573585365637
+00 -05 -000.722293857906527
+00 -04 +000.334971720778951
+00 -03 +000.148824414246919
+00 -01 +000.450069631487867
+00 +00 +000.416972792901078
+00 +02 +000.418624414052984
+00 +03 +000.277488275392004
+00 +04 -000.799658568613930
+01 -05 -000.670050747938539
+01 -04 +000.339215796995468
+01 -01 +000.555245932378589
+01 +01 +000.358418330279230
+01 +02 -000.409485682532919
+01 +03 -000.438513230837408
+01 +04 +000.590462547815967
+01 +05 +000.238804528947701
+02 -05 +000.772158331007042
+02 -04 -000.560235606807592
+02 -02 -000.759169455417261
+02 -01 +000.101998495856775
+02 +00 +000.789903332542622
+02 +01 +000.383345901997223
+02 +02 -000.656815224476596

-02 -04 -000.799575227815520
-02 -02 -000.115512735500486
-02 +01 +000.668235525440391
-02 +03 +000.468718394601494
-02 +04 +000.277160006565806
-01 -03 +000.156467759760247
-01 -02 +000.765034474348342
-01 -01 -000.148102665196794
-01 +00 -000.726442602913220
-01 +01 +000.440665031048690
-01 +02 -000.372521128757820
-01 +03 +000.395107856219561
+00 -04 +000.004131823545132
+00 -03 -000.556691383476163
+00 -02 +000.678192895360917
+00 -01 +000.685809442949139
+00 +01 +000.549902580495781
+00 +04 -000.230865258495256
+01 -04 +000.675949155707422
+01 -03 +000.608006433086320
+01 -02 -000.630950227023026
+01 -01 -000.069172845625192
+01 +00 -000.281682468164524
+01 +01 -000.060895362169977
+01 +02 +000.542677222399749
+01 +03 +000.432053222226527
+01 +04 +000.431760515856736
+02 -04 +000.183183223922389
+02 -03 +000.666253647538196
+02 +00 -000.590444509645623
+02 +01 -000.705121667092711
+02 +02 -000.220150660478437
+02 +03 +000.419552306394674

-02 -03 -000.045879583234976
-02 -02 +000.788760612088053
-02 +00 +000.267900564112485
-02 +01 +000.290744994348327
-02 +03 -000.463156650646294
-01 -04 -000.139905870299863
-01 -03 -000.466758391862848
-01 -02 -000.350779023616245
-01 -01 +000.281905333337164
-01 +01 -000.376350357661570
-01 +02 -000.386773736837830
-01 +03 -000.375871749363379
-01 +04 -000.154558514312668
+00 -04 +000.577703078372197
+00 -02 +000.796429932318452
+00 -01 +000.244275074021115
+00 +00 -000.794464301548587
+00 +01 +000.532646061848958
+00 +02 +000.787628674709547
+00 +04 +000.095151827734131
+01 -04 -000.693368445426443
+01 -03 +000.337765642960986
+01 -02 -000.066334082173201
+01 -01 +000.239288140961981
+01 +00 -000.163302312700295
+01 +01 -000.653844105250081
+01 +04 -000.739354234461131
+02 -03 +000.062845504708488
+02 -02 +000.383316386962290
+02 -01 +000.603334803001818
+02 +00 +000.180497873787695
+02 +02 +000.469439230085110
+02 +04 +000.045038184734161

-05 -01 -000.292705919575965
-05 +00 -000.586064455294605
-05 +01 +000.262899892179380
-04 +00 +000.670650424157634
-03 -01 -000.000104289993998
-03 +00 +000.162145457770806
-02 -01 +000.421243254967623
-02 +00 -000.721428021555893
-02 +01 -000.335824919909810
-01 -01 +000.156909127744829
-01 +00 +000.723198029015211
-01 +01 -000.663356968185479
+00 +00 +000.549686173582976
+00 +01 -000.518342813279340
+01 +00 +000.456548657249797
+01 +01 +000.761739023280593
+02 +00 +000.225223533015112
+03 -01 +000.350439768387197
+03 +00 -000.609953165821005
+03 +01 -000.594399026151494
+04 +00 +000.248929622785779
+04 +01 +000.688283679019182
+05 +01 -000.773769305087651

-05 -05 +000.099127618820166
-05 -04 -000.388914384506574
-05 -03 +000.048884048054353
-05 -02 +000.177391465254767
-05 -01 +000.427958647064785
-05 +00 +000.250963512662646
-05 +01 +000.524163454607134
-05 +04 +000.159299196594370
-04 -02 +000.222928912866231
-04 +02 +000.493310759806818
-04 +03 -000.017425990300288
-04 +04 -000.352130979720904
-04 +05 +000.792600412844680
-03 -05 -000.513451025109466
-03 -03 -000.282136555730481
-03 -02 -000.713041395655175
-03 -01 -000.698456686805809
-03 +01 -000.365415974148192
-03 +02 +000.506332694427357
-03 +03 -000.773741443049240
-03 +04 +000.105557370317336
-03 +05 +000.659542728559008
-02 -05 -000.003688426367201
-02 -04 +000.673229193811045
-02 -02 +000.163614036981602
-02 -01 -000.209134157453309
-02 +00 -000.073674049986581
-02 +02 +000.144075597177486
-02 +03 +000.395010680830863
-02 +04 +000.194805639273502
-01 -04 +000.332747952379764
-01 -02 -000.014476590245446
-01 -01 +000.033829916904206
-01 +00 -000.580735314514294
-01 +01 -000.481306199864744
-01 +03 +000.185646497880700
-01 +04 +000.552758972748954
+00 -05 -000.191536949348628
+00 -04 +000.235675914357543
+00 -03 +000.788726876207205
+00 -01 -000.229369890116376
+00 +00 +000.119002545824788
+00 +01 -000.500037760358321
+00 +02 +000.499328170105517
+00 +03 -000.147489138129664
+00 +04 -000.609027853113892
+01 -04 -000.316689209933163
+01 -02 -000.248107914405596
+01 +01 -000.544713686296260
+01 +05 -000.743797352390638
+02 -05 +000.125125097629737
+02 -04 -000.799308910332711
+02 -03 +000.032327389874917
+02 -02 +000.453580328316477
+02 -01 +000.580455022644548
+02 +01 -000.492129220586839
+02 +03 +000.417064040251882
+02 +04 +000.126423370951587
+02 +05 -000.068444685044062
+03 -05 -000.618274430310663
+03 -04 +000.333920559888779
+03 -03 +000.371138024827874
+03 -02 +000.666890396727118
+03 +00 +000.295081827456817
+03 +01 -000.495174325106348
+03 +02 +000.214429807020517
+03 +03 -000.738876384720900
+03 +04 -000.689291963051832
+03 +05 +000.484403418282060
+04 -05 +000.331939953437577
+04 -04 +000.467664958999529
+04 -02 -000.538788435538842
+04 -01 +000.312207605165109
+04 +01 -000.187501582562448
+04 +03 -000.327407147778898
+04 +05 +000.113488344431770
+05 +01 +000.402955707228900
+05 +02 +000.651664949838559
+05 +04 +000.570809191568205
+05 +05 -000.191902477183058

-04 -04 -000.210969027101458
-04 -03 -000.275227788902777
-04 -02 -000.035416658740676
-04 -01 +000.754946230684740
-04 +00 -000.519511927899294
-04 +01 -000.481054118258094
-04 +02 -000.745717657008952
-04 +04 -000.049766303634417
-03 -04 -000.128764035760067
-03 -03 -000.014097272554592
-03 -02 +000.176943933124227
-03 -01 -000.354551974687491
-03 +00 -000.389497109546137
-03 +02 -000.640923811880600
-03 +03 -000.020885597080239
-03 +04 +000.454235527786584
-02 -03 +000.537447653926643
-02 -02 +000.540764264432540
-02 -01 +000.290632247447285
-02 +01 +000.462625551570950
-02 +02 -000.671243607983768
-02 +03 -000.013833589715560
-02 +04 +000.789512475421619
-01 -04 -000.433790318288850
-01 -03 +000.361508736915872
-01 -02 +000.073215716705553
-01 -01 +000.624702755213026
-01 +01 -000.646537723331765
-01 +02 -000.099025885478307
+00 -04 -000.164195159839699
+00 -01 +000.509922315094358
+00 +01 -000.036631886621286
+00 +02 -000.071315150379135
+00 +03 +000.722577103759888
+01 -04 -000.456929422701871
+01 -03 -000.559621839389493
+01 -02 -000.583974226809418
+01 -01 -000.047710322966488
+01 +00 -000.214236554246402
+01 +01 -000.070261873256894
+01 +02 +000.551639455584562
+01 +03 +000.348503175259095
+02 -04 -000.533271244980127
+02 -01 -000.044610088954923
+02 +01 -000.246468337929709
+02 +02 -000.573406017857265
+02 +03 +000.167110245159646
+02 +04 -000.488818816644824
+03 -04 +000.028831744841571
+03 -03 +000.011154990197883
+03 -01 -000.649821245171914
+03 +00 +000.703133941338466
+03 +01 +000.656350840164010
+03 +02 +000.292415974658246
+03 +03 -000.691599940087109
+03 +04 +000.553054443716681
+04 -04 -000.006760989125208
+04 -02 +000.578285504912996
+04 -01 -000.383101100733791
+04 +02 -000.240396859401728
+04 +03 -000.508400013731946
+04 +04 +000.131065024110370

-02 -03 -000.167457380012138
-02 -02 -000.096981964530534
-02 -01 +000.062534180988193
-02 +00 -000.321872186258518
-02 +01 -000.513707523408498
-02 +02 -000.094622022127783
-02 +04 -000.079912545136135
-01 -04 -000.669628804073998
-01 -03 +000.599360914510683
-01 -02 +000.246296404880650
-01 -01 +000.306984117796706
-01 +01 -000.116179113611649
-01 +02 +000.047497793860168
-01 +03 -000.656860417231648
+00 -04 -000.392208887983854
+00 -02 -000.441267605904894
+00 +00 +000.727230011794391
+00 +03 -000.230781834813470
+01 -04 -000.373490546166661
+01 -01 -000.255357619559181
+01 +00 -000.773841068652895
+01 +01 -000.436552428002248
+01 +03 +000.115405212880573
+01 +04 -000.027372053819079
+02 -04 +000.311354376373528
+02 -03 -000.495648473643847
+02 -01 +000.659754677761533
+02 +00 +000.607137316841408
+02 +01 -000.316952312214212
+02 +02 +000.384509320202953
+02 +03 -000.342366614211712

-01 +00 -000.466621839237605
-01 +01 -000.079237373761930
+00 +01 +000.360619353649339
+01 -01 -000.265365698528499
+01 +00 +000.525709558077516

-03 -05 -000.519341256358392
-03 -04 -000.140351047597649
-03 -03 +000.366931335278296
-03 -02 +000.204316424847163
-03 -01 +000.762986906516852
-03 +00 -000.282139756198300
-03 +01 -000.458314421757384
-03 +02 +000.541468453653262
-03 +03 -000.558958462615547
-03 +04 +000.152624116632435
-03 +05 +000.662517047563638
-02 -04 +000.707231600045354
-02 -03 +000.025842504321410
-02 -02 -000.123145265908738
-02 +03 -000.715738477364699
-02 +04 -000.459385419739032
-01 -04 -000.547415903848953
-01 -02 -000.072437105677433
-01 -01 -000.199470117111950
-01 +00 +000.593188980930412
-01 +04 -000.337295249966276
-01 +05 +000.458894117697763
+00 -05 -000.228426932979321
+00 -03 +000.062581792542446
+00 -02 +000.136948598428179
+00 +00 +000.554084058250880
+00 +01 +000.231896917761246
+00 +02 -000.171537576330822
+00 +03 +000.440923046670916
+00 +04 -000.579863985923899
+00 +05 -000.087402182331181
+01 -05 -000.412457147150252
+01 -02 +000.052063793438119
+01 -01 -000.218807551453632
+01 +00 -000.230303610584813
+01 +02 -000.438567139471342
+01 +03 +000.010234191449112
+01 +05 +000.006869626150992
+02 -03 -000.230397967546112
+02 -01 +000.123302657397641
+02 +00 +000.795446982184298
+02 +01 +000.000628797223464
+02 +03 -000.151146867816131
+02 +04 -000.337958523929548
+02 +05 +000.532005716301023
+03 -05 -000.322895944559749
+03 -04 +000.675773650149198
+03 -03 +000.164502159941422
+03 -01 +000.437611013984083
+03 +00 -000.049600071694959
+03 +01 -000.472256506145028
+03 +03 -000.797820217684977
+03 +04 -000.115238056552542
+03 +05 -000.406944657499191
